+6768955500203
+67688555375
+6761655591916
+6768755589735
+67618555861
+67689555993
+6761655595384
+67616555782
+67688555085
+67617555417
+676885554076
+676875551719
+676195557371
+67689555155
+676885556950
+6761755582939
+6768855522617
+67618555194
+676895559846
+67616555597
+67615555306
+676885553612
+676195551037
+676885556991
+67687555376
+6768755503729
+67617555144
+67617555636
+67616555662
+6761655506615
+67618555899
+676155551321
+6768855537096
+6768955523416
+6761855524014
+6768755584032
+6768755555469
+6761655562518
+67689555567
+67687555617
+676895557333
+676165557468
+67616555665
+676195551395
+67688555893
+6768955518835
+676875550649
+6768755587916
+676185557190
+67615555132